10101010101010101010101010101010101010101
00011100011100011100011100011100011100011
10001110001110001110001110001110001110001
01010101010101010101010101010101010101010
11100011100011100011100011100011100011100
01110001110001110001110001110001110001110
10101010101010101010101010101010101010101
00011100011100011100011100011100011100011
10001110001110001110001110001110001110001
01010101010101010101010101010101010101010
11100011100011100011100011100011100011100
01110001110001110001110001110001110001110
10101010101010101010101010101010101010101
00011100011100011100011100011100011100011
10001110001110001110001110001110001110001
01010101010101010101010101010101010101010
11100011100011100011100011100011100011100
01110001110001110001110001110001110001110
10101010101010101010101010101010101010101
00011100011100011100011100011100011100011
10001110001110001110001110001110001110001
01010101010101010101010101010101010101010
11100011100011100011100011100011100011100
01110001110001110001110001110001110001110
10101010101010101010101010101010101010101
00011100011100011100011100011100011100011
10001110001110001110001110001110001110001
01010101010101010101010101010101010101010
11100011100011100011100011100011100011100
01110001110001110001110001110001110001110
10101010101010101010101010101010101010101
00011100011100011100011100011100011100011
10001110001110001110001110001110001110001
01010101010101010101010101010101010101010
11100011100011100011100011100011100011100
01110001110001110001110001110001110001110
10101010101010101010101010101010101010101
00011100011100011100011100011100011100011
10001110001110001110001110001110001110001
01010101010101010101010101010101010101010
11100011100011100011100011100011100011100
